%YAML:1.0

# Modify test.InitVIOTmpPath and bagfile to the correct path
# Path to save tmp files/results
test.InitVIOTmpPath: "/home/doom/odom_aid/ORB_SLAM2/"

## For good initialization (no movement at the beginning for some bag)
test.DiscardTime: 0
#bagfile: "/home/jp/TimeV1_01_easy.bag"
## bad: V1_03_difficult(wrong), V2_03_difficult(lost)
## not so good(cant close loop without loopclosure): V1_02_medium, V2_02_medium, MH_05_difficult
## good: V1_01_easy, V2_01_easy, MH_01_easy, MH_02_easy, MH_03_medium, MH_04_difficult

#test.DiscardTime: 18
#bagfile: "/media/jp/JingpangPassport/3dataset/EuRoC-VIO/un_restamped/MH_03_medium.bag"

#bagfile: "/media/jp/JingpangPassport/3dataset/EuRoC-VIO/un_restamped/MH_04_difficult.bag"
#bagfile: "/media/jp/JingpangPassport/3dataset/EuRoC-VIO/un_restamped/MH_05_difficult.bag"
#bagfile: "/media/jp/JingpangPassport/3dataset/EuRoC-VIO/un_restamped/MH_02_easy.bag"
#bagfile: "/media/jp/JingpangPassport/3dataset/EuRoC-VIO/un_restamped/MH_01_easy.bag"
bagfile: "/home/doom/2011-01-19-07-49-38.bag"
#bagfile: "/media/jp/JingpangPassport/3dataset/EuRoC-VIO/un_restamped/V2_01_easy.bag"
#bagfile: "/media/jp/JingpangPassport/3dataset/EuRoC-VIO/un_restamped/V1_02_medium.bag"
#bagfile: "/media/jp/JingpangPassport/3dataset/EuRoC-VIO/un_restamped/V1_01_easy.bag"

#bagfile: "/media/jp/JingpangPassport/3dataset/EuRoC-VIO/un_restamped/V1_03_difficult.bag"
#bagfile: "/media/jp/JingpangPassport/3dataset/EuRoC-VIO/un_restamped/V2_03_difficult.bag"


#######################################

odomtopic: "/base_odometry/odom"
limagetopic: "/camera/left/image_raw"
rimagetopic: "/camera/right/image_raw"


# Timestamp shift. Timage = Timu + image_delay
Camera.delaytoodom: 0

# camera-imu frame transformation, Pi = Tic * Pc
#Camera.Toc:
# [0.0148655429818, -0.999880929698, 0.00414029679422, -0.0216401454975,
#  0.999557249008, 0.0149672133247, 0.025715529948, -0.064676986768,
#  -0.0257744366974, 0.00375618835797, 0.999660727178, 0.00981073058949,
#  0.0, 0.0, 0.0, 1.0]
Camera.Toc:
 [-0.0050, -0.0370, 0.9993, 0.0730,
   -1.0000, 0.0011, -0.0050, 0.0300,
   -0.0009, -0.9993, -0.0370, 1.3020,
   0, 0, 0, 1.0000]
# [0.0030, -1.0000, 0.0011, 0.0320,
#  -0.0390, 0.0009, 0.9992, 1.3020,
#  -0.9992, -0.0030, -0.0390, -0.0700,
#  0, 0, 0, 1.0000]


# Local Window size
LocalMapping.LocalWindowSize: 10

#--------------------------------------------------------------------------------------------
# Camera Parameters. Adjust them!
#--------------------------------------------------------------------------------------------

# Camera calibration and distortion parameters (OpenCV) 
Camera.fx: 384.68032
Camera.fy: 384.68032
Camera.cx: 351.3228
Camera.cy: 254.13792

Camera.k1: 0
Camera.k2: 0
Camera.p1: 0
Camera.p2: 0

Camera.width: 640
Camera.height: 480

# Camera frames per second 
Camera.fps: 30.0

# IR projector baseline times fx (aprox.)
Camera.bf: 34.48829

# Color order of the images (0: BGR, 1: RGB. It is ignored if images are grayscale)
Camera.RGB: 1

# Close/Far threshold. Baseline times.
ThDepth: 40.0

# Deptmap values factor
DepthMapFactor: 1.0

#--------------------------------------------------------------------------------------------
# ORB Parameters
#--------------------------------------------------------------------------------------------

# ORB Extractor: Number of features per image
ORBextractor.nFeatures: 1000

# ORB Extractor: Scale factor between levels in the scale pyramid 
ORBextractor.scaleFactor: 1.2

# ORB Extractor: Number of levels in the scale pyramid 
ORBextractor.nLevels: 8

# ORB Extractor: Fast threshold
# Image is divided in a grid. At each cell FAST are extracted imposing a minimum response.
# Firstly we impose iniThFAST. If no corners are detected we impose a lower value minThFAST
# You can lower these values if your images have low contrast   
ORBextractor.iniThFAST: 20
ORBextractor.minThFAST: 7

#--------------------------------------------------------------------------------------------
# Viewer Parameters
#--------------------------------------------------------------------------------------------
Viewer.KeyFrameSize: 0.05
Viewer.KeyFrameLineWidth: 1
Viewer.GraphLineWidth: 0.9
Viewer.PointSize:2
Viewer.CameraSize: 0.08
Viewer.CameraLineWidth: 3
Viewer.ViewpointX: 0
Viewer.ViewpointY: -0.7
Viewer.ViewpointZ: -1.8
Viewer.ViewpointF: 500

